 70041115752414757
121142136859536361
 86043114433545831
141043136344475356
172042124752575361
113042124452516361
 50032115059425361
 11012123446453936
 84042116357545851
 48032125755525051
 75042136046515361
 60042125765516361
 95043127360716171
104043125463575546
 38031124557503156
115041114249435056
 76043124752515056
195042215757605856
114043126865625561
 85042115539575346
167042116349356641
143042136363757266
 41032125040455556
 20013126052576161
 12012133744453946
 53032133437463931
154043126565666166
178042234757575846
196043224438493946
 29021115244495541
126042114231574751
103043127652646461
192043226567636671
150042134241577231
199043225259506161
144043116065586166
200042226854756666
 80043126562686666
 16011134731443636
153042133931403951
176042224747414251
177042225559625851
168042125254575551
 40031114241435041
 62043116565486366
169041115559636946
 49033135040394947
136042126559706351
189042224759635346
  7012125754594751
 27022125361615756
128043123933384741
 21012114444615046
183042226359495571
132042127362736966
 15013133939442642
 67041133737423332
 22012134239395646
185042226357555841
  9012134849524451
181042225046455861
170043124762616966
134041114444393446
108042113433413636
197043225042503661
140042134441405026
171042126054605566
107041134739474226
 81041126343596544
 18012135033494436
155042114444463951
 97043126054585861
 68042127367716366
157042116859587466
 56042135545465851
  5011124740434531
159043125561544961
123043116859566366
164042133136463946
 14013124741544256
127043126359575556
165041133649546136
174042226859716656
  3011126365486356
 58042135541404441
146043125562646366
102043125241515356
117043133449394256
133042135031403431
 94043125549616156
 24022125262664746
149041116349496646
 82143126862656961
  8111123944524448
129141114444464751
173141115062616351
 57142127165726656
100143126365716971
  1111133444403941
194143226363696161
 88143126860646966
 99143114759566661
 47131124746493341
120143126352545051
166142125259536151
 65142125554664256
101143126062675056
 89141133535405133
 54131214754465056
180143227165695871
162142135752406156
  4111124450413951
131143126559574666
125141126865585956
 34113227361575566
106142133644374241
130143114354555546
 93143127367625866
163141125257645856
 37131134147403951
 35111216054505051
 87142115052465056
 73142125052533956
151142134746524846
 44131134762453446
152143125557565861
105142125041454456
 28122113953545041
 91143135049564746
 45131133435412926
116142125759545056
 33121125765725456
 66142136862565051
 72142134254474746
 77141126159494466
 61143127663606766
190142224759545846
 42132134652554456
  2112133941334241
 55132225249494461
 19111112846434451
 90143124254505052
142142134742523951
 17112124757484441
122142125259585366
191143224752434861
 83142135062415531
182142224452434451
  6111124741464041
 46131124555443441
 43131124737434246
 96143126554615856
138142134357405051
 10112114754495361
 71142115762565866
139142126859615571
110142135255505461
148142134257514761
109142114239424241
 39133126667676166
147141124762535361
 74142125750505158
198143224761516331
161141125762726161
112142125259485561
 69141134444404031
156142125059536161
111141113954394736
186142225762635541
 98141135760515337
119141114257455043
 13112134746394761
 51133114236423139
 26123126059626151
 36131114449443551
135141126360655466
 59142126567635571
 78142123954545341
 64143135052455836
 63141115265605651
 79142126062495051
193142224449483951
 92143115267576361
160142125565555061
 32123135067666656
 23121126565645871
158142115254555351
 25122114744424236
188143226362565561
 52131125046535366
124141134254414241
175143213657425041
184142235052535556
 30123124159423451
179142224765605056
 31122215559524256
145142134246383646
187142215741575552
118142115562585861
137143126365655361
